500.0000596046448 500.0000596046448
0.0 500.0
0.0 442.1229958534241
500.0 360.4347035288811

#
500.0000596046448 500.0000596046448
0.0 500.0
0.0 442.0202970504761
500.0 360.598623752594

#
500.0000596046448 500.0000596046448
0.0 500.0
0.0 441.91762804985046
500.0 360.7625216245651

#
500.0000596046448 500.0000596046448
0.0 500.0
0.0 441.81494414806366
500.0 360.92643439769745

#
500.0000596046448 500.0000596046448
0.0 500.0
0.0 441.71226024627686
500.0 361.0903397202492

#
500.0000596046448 500.0000596046448
0.0 500.0
0.0 441.60960614681244
500.0 361.2542524933815

#
500.0000596046448 500.0000596046448
0.0 500.0
0.0 441.50690734386444
500.0 361.4181652665138

#
500.0000596046448 500.0000596046448
0.0 500.0
0.0 441.40423834323883
500.0 361.58207803964615

#
500.0000596046448 500.0000596046448
0.0 500.0
0.0 441.301554441452
500.0 361.7459908127785

#
500.0000596046448 500.0000596046448
0.0 500.0
0.0 441.1988854408264
500.0 361.9098886847496

#
500.0000596046448 500.0000596046448
0.0 500.0
0.0 441.0961866378784
500.0 362.0738089084625

#
500.0000596046448 500.0000596046448
0.0 500.0
0.0 440.9935176372528
500.0 362.23771423101425

#
500.0000596046448 500.0000596046448
0.0 500.0
0.0 440.890833735466
500.0 362.401619553566

#
500.0000596046448 500.0000596046448
0.0 500.0
0.0 440.7881647348404
500.0 362.5655323266983

#
500.0000596046448 500.0000596046448
0.0 500.0
0.0 440.6854957342148
500.0 362.72943019866943

#
500.0000596046448 500.0000596046448
0.0 500.0
0.0 440.5827969312668
500.0 362.89336532354355

#
500.0000596046448 500.0000596046448
0.0 500.0
0.0 440.4801279306412
500.0 363.0572631955147

#
500.0000596046448 500.0000596046448
0.0 500.0
0.0 440.37744402885437
500.0 363.221175968647

#
500.0000596046448 500.0000596046448
0.0 500.0
0.0 440.27476012706757
500.0 363.38508129119873

#
500.0000596046448 500.0000596046448
0.0 500.0
0.0 440.17209112644196
500.0 363.54898661375046

#
500.0000596046448 500.0000596046448
0.0 500.0
0.0 440.06939232349396
500.0 363.7129068374634

#
500.0000596046448 500.0000596046448
0.0 500.0
0.0 439.96672332286835
500.0 363.8768047094345

#
500.0000596046448 500.0000596046448
0.0 500.0
0.0 439.86405432224274
500.0 364.04071748256683

#
500.0000596046448 500.0000596046448
0.0 500.0
0.0 439.76137042045593
500.0 364.20462280511856

#
500.0000596046448 500.0000596046448
0.0 500.0
0.0 439.6586865186691
500.0 364.3685430288315

#
500.0000596046448 500.0000596046448
0.0 500.0
0.0 439.5560026168823
500.0 364.5324558019638

#
500.0000596046448 500.0000596046448
0.0 500.0
0.0 439.4533336162567
500.0 364.69636112451553

#
500.0000596046448 500.0000596046448
0.0 500.0
0.0 439.3506497144699
500.0 364.86027389764786

#
500.0000596046448 500.0000596046448
0.0 500.0
0.0 439.2479956150055
500.0 365.024171769619

#
500.0000596046448 500.0000596046448
0.0 500.0
0.0 439.1452819108963
500.0 365.1880919933319

#
500.0000596046448 500.0000596046448
0.0 500.0
0.0 439.0426129102707
500.0 365.35199731588364

#
500.0000596046448 500.0000596046448
0.0 500.0
0.0 438.9399439096451
500.0 365.51591008901596

#
500.0000596046448 500.0000596046448
0.0 500.0
0.0 438.8372600078583
500.0 365.6798228621483

#
500.0000596046448 500.0000596046448
0.0 500.0
0.0 438.73459100723267
500.0 365.8437207341194

#
500.0000596046448 500.0000596046448
0.0 500.0
0.0 438.63189220428467
500.0 366.00764840841293

#
500.0000596046448 500.0000596046448
0.0 500.0
0.0 438.52922320365906
500.0 366.17154628038406

#
500.0000596046448 500.0000596046448
0.0 500.0
0.0 438.42655420303345
500.0 366.3354590535164

#
500.0000596046448 500.0000596046448
0.0 500.0
0.0 438.32387030124664
500.0 366.4993643760681

#
500.0000596046448 500.0000596046448
0.0 500.0
0.0 438.22118639945984
500.0 366.66327714920044

#
500.0000596046448 500.0000596046448
0.0 500.0
0.0 438.11850249767303
500.0 366.82718992233276

#
500.0000596046448 500.0000596046448
0.0 500.0
0.0 438.0158334970474
500.0 366.9910877943039

#
500.0000596046448 500.0000596046448
0.0 500.0
0.0 437.9131495952606
500.0 367.1550005674362

#
500.0000596046448 500.0000596046448
0.0 500.0
0.0 437.8104656934738
500.0 367.31891334056854

#
500.0000596046448 500.0000596046448
0.0 500.0
0.0 437.707781791687
500.0 367.48282611370087

#
500.0000596046448 500.0000596046448
0.0 500.0
0.0 437.6051127910614
500.0 367.6467388868332

#
500.0000596046448 500.0000596046448
0.0 500.0
0.0 437.5024288892746
500.0 367.8106442093849

#
500.0000596046448 500.0000596046448
0.0 500.0
0.0 437.3997449874878
500.0 367.97454953193665

#
500.0000596046448 500.0000596046448
0.0 500.0
0.0 437.2970759868622
500.0 368.13846230506897

#
500.0000596046448 500.0000596046448
0.0 500.0
0.0 437.1943920850754
500.0 368.3023750782013

#
500.0000596046448 500.0000596046448
0.0 500.0
0.0 437.0917081832886
500.0 368.466280400753

#
500.0000596046448 500.0000596046448
0.0 500.0
0.0 436.98903918266296
500.0 368.63019317388535

#
500.0000596046448 500.0000596046448
0.0 500.0
0.0 436.88635528087616
500.0 368.79410594701767

#
500.0000596046448 500.0000596046448
0.0 500.0
0.0 436.78367137908936
500.0 368.95801872015

#
500.0000596046448 500.0000596046448
0.0 500.0
0.0 436.68100237846375
500.0 369.1219240427017

#
500.0000596046448 500.0000596046448
0.0 500.0
0.0 436.57831847667694
500.0 369.28582936525345

#
500.0000596046448 500.0000596046448
0.0 500.0
0.0 436.47564947605133
500.0 369.4497421383858

#
500.0000596046448 500.0000596046448
0.0 500.0
0.0 436.3729655742645
500.0 369.6136549115181

#
500.0000596046448 500.0000596046448
0.0 500.0
0.0 436.2702816724777
500.0 369.7775676846504

#
500.0000596046448 500.0000596046448
0.0 500.0
0.0 436.1675977706909
500.0 369.94148045778275

#
500.0000596046448 500.0000596046448
0.0 500.0
0.0 436.0649287700653
500.0 370.1053783297539

#
500.0000596046448 500.0000596046448
0.0 500.0
0.0 435.9622448682785
500.0 370.2692911028862

#
500.0000596046448 500.0000596046448
0.0 500.0
0.0 435.8595758676529
500.0 370.4332038760185

#
500.0000596046448 500.0000596046448
0.0 500.0
0.0 435.7568919658661
500.0 370.59711664915085

#
500.0000596046448 500.0000596046448
0.0 500.0
0.0 435.6542080640793
500.0 370.7610219717026

#
500.0000596046448 500.0000596046448
0.0 500.0
0.0 435.5515241622925
500.0 370.9249198436737

#
500.0000596046448 500.0000596046448
0.0 500.0
0.0 435.44885516166687
500.0 371.08883261680603

#
500.0000596046448 500.0000596046448
0.0 500.0
0.0 435.34617125988007
500.0 371.25274538993835

#
500.0000596046448 500.0000596046448
0.0 500.0
0.0 435.24348735809326
500.0 371.4166581630707

#
500.0000596046448 500.0000596046448
0.0 500.0
0.0 435.14081835746765
500.0 371.580570936203

#
500.0000596046448 500.0000596046448
0.0 500.0
0.0 435.03814935684204
500.0 371.7444837093353

#
500.0000596046448 500.0000596046448
0.0 500.0
0.0 434.93545055389404
500.0 371.90839648246765

#
500.0000596046448 500.0000596046448
0.0 500.0
0.0 434.83278155326843
500.0 372.0722943544388

#
500.0000596046448 500.0000596046448
0.0 500.0
0.0 434.7300976514816
500.0 372.2362071275711

#
500.0000596046448 500.0000596046448
0.0 500.0
0.0 434.6274137496948
500.0 372.40011245012283

#
500.0000596046448 500.0000596046448
0.0 500.0
0.0 434.5247447490692
500.0 372.56402522325516

#
500.0000596046448 500.0000596046448
0.0 500.0
0.0 434.4220608472824
500.0 372.7279379963875

#
500.0000596046448 500.0000596046448
0.0 500.0
0.0 434.3193769454956
500.0 372.8918507695198

#
500.0000596046448 500.0000596046448
0.0 500.0
0.0 434.21670794487
500.0 373.05576354265213

#
500.0000596046448 500.0000596046448
0.0 500.0
0.0 434.1140389442444
500.0 373.21966141462326

#
500.0000596046448 500.0000596046448
0.0 500.0
0.0 434.0113550424576
500.0 373.3835741877556

#
500.0000596046448 500.0000596046448
0.0 500.0
0.0 433.9086711406708
500.0 373.5474869608879

#
500.0000596046448 500.0000596046448
0.0 500.0
0.0 433.805987238884
500.0 373.71139973402023

#
500.0000596046448 500.0000596046448
0.0 500.0
0.0 433.70330333709717
500.0 373.87530505657196

#
500.0000596046448 500.0000596046448
0.0 500.0
0.0 433.60063433647156
500.0 374.0392178297043

#
500.0000596046448 500.0000596046448
0.0 500.0
0.0 433.49796533584595
500.0 374.2031157016754

#
500.0000596046448 500.0000596046448
0.0 500.0
0.0 433.39526653289795
500.0 374.36703592538834

#
500.0000596046448 500.0000596046448
0.0 500.0
0.0 433.29259753227234
500.0 374.53094124794006

#
500.0000596046448 500.0000596046448
0.0 500.0
0.0 433.18992853164673
500.0 374.6948540210724

#
500.0000596046448 500.0000596046448
0.0 500.0
0.0 433.0872446298599
500.0 374.8587667942047

#
500.0000596046448 500.0000596046448
0.0 500.0
0.0 432.9845607280731
500.0 375.02267956733704

#
500.0000596046448 500.0000596046448
0.0 500.0
0.0 432.8818768262863
500.0 375.18659234046936

#
500.0000596046448 500.0000596046448
0.0 500.0
0.0 432.7792078256607
500.0 375.3504902124405

#
500.0000596046448 500.0000596046448
0.0 500.0
0.0 432.6765239238739
500.0 375.5144029855728

#
500.0000596046448 500.0000596046448
0.0 500.0
0.0 432.5738549232483
500.0 375.67830085754395

#
500.0000596046448 500.0000596046448
0.0 500.0
0.0 432.4711710214615
500.0 375.84222853183746

#
500.0000596046448 500.0000596046448
0.0 500.0
0.0 432.3685020208359
500.0 376.0061264038086

#
500.0000596046448 500.0000596046448
0.0 500.0
0.0 432.2658181190491
500.0 376.1700391769409

#
500.0000596046448 500.0000596046448
0.0 500.0
0.0 432.1631193161011
500.0 376.33395195007324

#
500.0000596046448 500.0000596046448
0.0 500.0
0.0 432.06045031547546
500.0 376.49786472320557

#
500.0000596046448 500.0000596046448
0.0 500.0
0.0 431.95778131484985
500.0 376.6617774963379

#
500.0000596046448 500.0000596046448
0.0 500.0
0.0 431.85509741306305
500.0 376.825675368309

#
500.0000596046448 500.0000596046448
0.0 500.0
0.0 431.75241351127625
500.0 376.98958814144135

#
500.0000596046448 500.0000596046448
0.0 500.0
0.0 431.64974451065063
500.0 377.1534860134125

#
500.0000596046448 500.0000596046448
0.0 500.0
0.0 431.54704570770264
500.0 377.3173987865448

#
500.0000596046448 500.0000596046448
0.0 500.0
0.0 431.444376707077
500.0 377.4813115596771

#
500.0000596046448 500.0000596046448
0.0 500.0
0.0 431.3417077064514
500.0 377.64522433280945

#
500.0000596046448 500.0000596046448
0.0 500.0
0.0 431.2390238046646
500.0 377.8091371059418

#
500.0000596046448 500.0000596046448
0.0 500.0
0.0 431.136354804039
500.0 377.9730498790741

#
500.0000596046448 500.0000596046448
0.0 500.0
0.0 431.033656001091
500.0 378.1369626522064

#
500.0000596046448 500.0000596046448
0.0 500.0
0.0 430.9309870004654
500.0 378.30086052417755

#
500.0000596046448 500.0000596046448
0.0 500.0
0.0 430.8283179998398
500.0 378.4647732973099

#
500.0000596046448 500.0000596046448
0.0 500.0
0.0 430.725634098053
500.0 378.6286860704422

#
500.0000596046448 500.0000596046448
0.0 500.0
0.0 430.622935295105
500.0 378.7925988435745

#
500.0000596046448 500.0000596046448
0.0 500.0
0.0 430.52026629447937
500.0 378.95651161670685

#
500.0000596046448 500.0000596046448
0.0 500.0
0.0 430.41759729385376
500.0 379.120409488678

#
500.0000596046448 500.0000596046448
0.0 500.0
0.0 430.31491339206696
500.0 379.2843222618103

#
500.0000596046448 500.0000596046448
0.0 500.0
0.0 430.21222949028015
500.0 379.4482350349426

#
500.0000596046448 500.0000596046448
0.0 500.0
0.0 430.10954558849335
500.0 379.61214780807495

#
500.0000596046448 500.0000596046448
0.0 500.0
0.0 430.00686168670654
500.0 379.7760605812073

#
500.0000596046448 500.0000596046448
0.0 500.0
0.0 429.9042075872421
500.0 379.9399733543396

#
500.0000596046448 500.0000596046448
0.0 500.0
0.0 429.8015236854553
500.0 380.1038861274719

#
500.0000596046448 500.0000596046448
0.0 500.0
0.0 429.6988248825073
500.0 380.26778399944305

#
500.0000596046448 500.0000596046448
0.0 500.0
0.0 429.5961558818817
500.0 380.4316967725754

#
500.0000596046448 500.0000596046448
0.0 500.0
0.0 429.4934868812561
500.0 380.5955946445465

#
500.0000596046448 500.0000596046448
0.0 500.0
0.0 429.3908029794693
500.0 380.75950741767883

#
500.0000596046448 500.0000596046448
0.0 500.0
0.0 429.2881190776825
500.0 380.92342019081116

#
500.0000596046448 500.0000596046448
0.0 500.0
0.0 429.1854500770569
500.0 381.0873329639435

#
500.0000596046448 500.0000596046448
0.0 500.0
0.0 429.0827512741089
500.0 381.2512457370758

#
500.0000596046448 500.0000596046448
0.0 500.0
0.0 428.9800822734833
500.0 381.41514360904694

#
500.0000596046448 500.0000596046448
0.0 500.0
0.0 428.8773983716965
500.0 381.57905638217926

#
500.0000596046448 500.0000596046448
0.0 500.0
0.0 428.77471446990967
500.0 381.7429691553116

#
500.0000596046448 500.0000596046448
0.0 500.0
0.0 428.67204546928406
500.0 381.9068819284439

#
500.0000596046448 500.0000596046448
0.0 500.0
0.0 428.56937646865845
500.0 382.07079470157623

#
500.0000596046448 500.0000596046448
0.0 500.0
0.0 428.46667766571045
500.0 382.23469257354736

#
500.0000596046448 500.0000596046448
0.0 500.0
0.0 428.36400866508484
500.0 382.3986053466797

#
500.0000596046448 500.0000596046448
0.0 500.0
0.0 428.26133966445923
500.0 382.562518119812

#
500.0000596046448 500.0000596046448
0.0 500.0
0.0 428.1586557626724
500.0 382.72643089294434

#
500.0000596046448 500.0000596046448
0.0 500.0
0.0 428.0559718608856
500.0 382.89034366607666

#
500.0000596046448 500.0000596046448
0.0 500.0
0.0 427.95330286026
500.0 383.054256439209

#
500.0000596046448 500.0000596046448
0.0 500.0
0.0 427.850604057312
500.0 383.2181692123413

#
500.0000596046448 500.0000596046448
0.0 500.0
0.0 427.7479350566864
500.0 383.38206708431244

#
500.0000596046448 500.0000596046448
0.0 500.0
0.0 427.6452511548996
500.0 383.54597985744476

#
500.0000596046448 500.0000596046448
0.0 500.0
0.0 427.5425672531128
500.0 383.7098777294159

#
500.0000596046448 500.0000596046448
0.0 500.0
0.0 427.4398982524872
500.0 383.8737905025482

#
500.0000596046448 500.0000596046448
0.0 500.0
0.0 427.3372292518616
500.0 384.03770327568054

#
500.0000596046448 500.0000596046448
0.0 500.0
0.0 427.23454535007477
500.0 384.20161604881287

#
500.0000596046448 500.0000596046448
0.0 500.0
0.0 427.13186144828796
500.0 384.3655288219452

#
500.0000596046448 500.0000596046448
0.0 500.0
0.0 427.02919244766235
500.0 384.5294415950775

#
500.0000596046448 500.0000596046448
0.0 500.0
0.0 426.92650854587555
500.0 384.69335436820984

#
500.0000596046448 500.0000596046448
0.0 500.0
0.0 426.82382464408875
500.0 384.85725224018097

#
500.0000596046448 500.0000596046448
0.0 500.0
0.0 426.72114074230194
500.0 385.0211650133133

#
500.0000596046448 500.0000596046448
0.0 500.0
0.0 426.6184866428375
500.0 385.1850777864456

#
500.0000596046448 500.0000596046448
0.0 500.0
0.0 426.5157878398895
500.0 385.34897565841675

#
500.0000596046448 500.0000596046448
0.0 500.0
0.0 426.4131039381027
500.0 385.5128884315491

#
500.0000596046448 500.0000596046448
0.0 500.0
0.0 426.3104349374771
500.0 385.6768012046814

#
500.0000596046448 500.0000596046448
0.0 500.0
0.0 426.2077510356903
500.0 385.8407139778137

#
500.0000596046448 500.0000596046448
0.0 500.0
0.0 426.1050820350647
500.0 386.00462675094604

#
500.0000596046448 500.0000596046448
0.0 500.0
0.0 426.0023981332779
500.0 386.16853952407837

#
500.0000596046448 500.0000596046448
0.0 500.0
0.0 425.8997142314911
500.0 386.3324373960495

#
500.0000596046448 500.0000596046448
0.0 500.0
0.0 425.7970452308655
500.0 386.496365070343

#
500.0000596046448 500.0000596046448
0.0 500.0
0.0 425.6943613290787
500.0 386.66026294231415

#
500.0000596046448 500.0000596046448
0.0 500.0
0.0 425.59167742729187
500.0 386.8241757154465

#
500.0000596046448 500.0000596046448
0.0 500.0
0.0 425.48899352550507
500.0 386.9880735874176

#
500.0000596046448 500.0000596046448
0.0 500.0
0.0 425.38633942604065
500.0 387.1519863605499

#
500.0000596046448 500.0000596046448
0.0 500.0
0.0 425.28364062309265
500.0 387.31589913368225

#
500.0000596046448 500.0000596046448
0.0 500.0
0.0 425.18097162246704
500.0 387.4798119068146

#
500.0000596046448 500.0000596046448
0.0 500.0
0.0 425.07827281951904
500.0 387.6437246799469

#
500.0000596046448 500.0000596046448
0.0 500.0
0.0 424.97560381889343
500.0 387.8076374530792

#
500.0000596046448 500.0000596046448
0.0 500.0
0.0 424.8729199171066
500.0 387.97155022621155

#
500.0000596046448 500.0000596046448
0.0 500.0
0.0 424.770250916481
500.0 388.1354629993439

#
500.0000596046448 500.0000596046448
0.0 500.0
0.0 424.6675670146942
500.0 388.299360871315

#
500.0000596046448 500.0000596046448
0.0 500.0
0.0 424.5648831129074
500.0 388.46325874328613

#
500.0000596046448 500.0000596046448
0.0 500.0
0.0 424.4622141122818
500.0 388.62717151641846

#
500.0000596046448 500.0000596046448
0.0 500.0
0.0 424.359530210495
500.0 388.7910842895508

#
500.0000596046448 500.0000596046448
0.0 500.0
0.0 424.2568612098694
500.0 388.9549970626831

#
500.0000596046448 500.0000596046448
0.0 500.0
0.0 424.1541773080826
500.0 389.11890983581543

#
500.0000596046448 500.0000596046448
0.0 500.0
0.0 424.0514934062958
500.0 389.28282260894775

#
500.0000596046448 500.0000596046448
0.0 500.0
0.0 423.94882440567017
500.0 389.4467353820801

#
500.0000596046448 500.0000596046448
0.0 500.0
0.0 423.84614050388336
500.0 389.6106481552124

#
500.0000596046448 500.0000596046448
0.0 500.0
0.0 423.74345660209656
500.0 389.77454602718353

#
500.0000596046448 500.0000596046448
0.0 500.0
0.0 423.64078760147095
500.0 389.93845880031586

#
500.0000596046448 500.0000596046448
0.0 500.0
0.0 423.53810369968414
500.0 390.1023715734482

#
500.0000596046448 500.0000596046448
0.0 500.0
0.0 423.43541979789734
500.0 390.2662843465805

#
500.0000596046448 500.0000596046448
0.0 500.0
0.0 423.33275079727173
500.0 390.43018221855164

#
500.0000596046448 500.0000596046448
0.0 500.0
0.0 423.2300668954849
500.0 390.59409499168396

#
500.0000596046448 500.0000596046448
0.0 500.0
0.0 423.1273829936981
500.0 390.7580077648163

#
500.0000596046448 500.0000596046448
0.0 500.0
0.0 423.0247139930725
500.0 390.9219205379486

#
500.0000596046448 500.0000596046448
0.0 500.0
0.0 422.9220300912857
500.0 391.08583331108093

#
500.0000596046448 500.0000596046448
0.0 500.0
0.0 422.8193461894989
500.0 391.24974608421326

#
500.0000596046448 500.0000596046448
0.0 500.0
0.0 422.7166771888733
500.0 391.4136588573456

#
500.0000596046448 500.0000596046448
0.0 500.0
0.0 422.6139932870865
500.0 391.5775418281555

#
500.0000596046448 500.0000596046448
0.0 500.0
0.0 422.5113093852997
500.0 391.74146950244904

#
500.0000596046448 500.0000596046448
0.0 500.0
0.0 422.4086403846741
500.0 391.90536737442017

#
500.0000596046448 500.0000596046448
0.0 500.0
0.0 422.30595648288727
500.0 392.0692801475525

#
500.0000596046448 500.0000596046448
0.0 500.0
0.0 422.20327258110046
500.0 392.2331929206848

#
500.0000596046448 500.0000596046448
0.0 500.0
0.0 422.10060358047485
500.0 392.39710569381714

#
500.0000596046448 500.0000596046448
0.0 500.0
0.0 421.99791967868805
500.0 392.56101846694946

#
500.0000596046448 500.0000596046448
0.0 500.0
0.0 421.89523577690125
500.0 392.7249312400818

#
500.0000596046448 500.0000596046448
0.0 500.0
0.0 421.79255187511444
500.0 392.8888440132141

#
500.0000596046448 500.0000596046448
0.0 500.0
0.0 421.68986797332764
500.0 393.05274188518524

#
500.0000596046448 500.0000596046448
0.0 500.0
0.0 421.587198972702
500.0 393.21665465831757

#
500.0000596046448 500.0000596046448
0.0 500.0
0.0 421.4845299720764
500.0 393.3805674314499

#
500.0000596046448 500.0000596046448
0.0 500.0
0.0 421.3818460702896
500.0 393.544465303421

#
500.0000596046448 500.0000596046448
0.0 500.0
0.0 421.2791621685028
500.0 393.70837807655334

#
500.0000596046448 500.0000596046448
0.0 500.0
0.0 421.1764931678772
500.0 393.87229084968567

#
500.0000596046448 500.0000596046448
0.0 500.0
0.0 421.0738092660904
500.0 394.036203622818

#
500.0000596046448 500.0000596046448
0.0 500.0
0.0 420.9711253643036
500.0 394.2001163959503

#
500.0000596046448 500.0000596046448
0.0 500.0
0.0 420.868456363678
500.0 394.36402916908264

#
500.0000596046448 500.0000596046448
0.0 500.0
0.0 420.7657724618912
500.0 394.52794194221497

#
500.0000596046448 500.0000596046448
0.0 500.0
0.0 420.66308856010437
500.0 394.6918398141861

#
500.0000596046448 500.0000596046448
0.0 500.0
0.0 420.56040465831757
500.0 394.8557525873184

#
500.0000596046448 500.0000596046448
0.0 500.0
0.0 420.45772075653076
500.0 395.01966536045074

#
500.0000596046448 500.0000596046448
0.0 500.0
0.0 420.35505175590515
500.0 395.1835632324219

#
500.0000596046448 500.0000596046448
0.0 500.0
0.0 420.25238275527954
500.0 395.3474760055542

#
500.0000596046448 500.0000596046448
0.0 500.0
0.0 420.14969885349274
500.0 395.5113887786865

#
500.0000596046448 500.0000596046448
0.0 500.0
0.0 420.04701495170593
500.0 395.67530155181885

#
500.0000596046448 500.0000596046448
0.0 500.0
0.0 419.9443459510803
500.0 395.8392143249512

#
500.0000596046448 500.0000596046448
0.0 500.0
0.0 419.8416620492935
500.0 396.0031270980835

#
500.0000596046448 500.0000596046448
0.0 500.0
0.0 419.7389781475067
500.0 396.1670398712158

#
500.0000596046448 500.0000596046448
0.0 500.0
0.0 419.6362942457199
500.0 396.33093774318695

#
500.0000596046448 500.0000596046448
0.0 500.0
0.0 419.5336252450943
500.0 396.4948505163193

#
500.0000596046448 500.0000596046448
0.0 500.0
0.0 419.4309413433075
500.0 396.6587483882904

#
500.0000596046448 500.0000596046448
0.0 500.0
0.0 419.3282723426819
500.0 396.8226760625839

#
500.0000596046448 500.0000596046448
0.0 500.0
0.0 419.2255735397339
500.0 396.98657393455505

#
500.0000596046448 500.0000596046448
0.0 500.0
0.0 419.1229045391083
500.0 397.1504867076874

#
500.0000596046448 500.0000596046448
0.0 500.0
0.0 419.02023553848267
500.0 397.3143994808197

#
500.0000596046448 500.0000596046448
0.0 500.0
0.0 418.91753673553467
500.0 397.478312253952

#
500.0000596046448 500.0000596046448
0.0 500.0
0.0 418.81486773490906
500.0 397.64221012592316

#
500.0000596046448 500.0000596046448
0.0 500.0
0.0 418.71219873428345
500.0 397.8061228990555

#
500.0000596046448 500.0000596046448
0.0 500.0
0.0 418.60951483249664
500.0 397.9700356721878

#
500.0000596046448 500.0000596046448
0.0 500.0
0.0 418.50683093070984
500.0 398.13394844532013

#
500.0000596046448 500.0000596046448
0.0 500.0
0.0 418.40416193008423
500.0 398.29786121845245

#
500.0000596046448 500.0000596046448
0.0 500.0
0.0 418.3014780282974
500.0 398.4617590904236

#
500.0000596046448 500.0000596046448
0.0 500.0
0.0 418.1987941265106
500.0 398.6256718635559

#
500.0000596046448 500.0000596046448
0.0 500.0
0.0 418.096125125885
500.0 398.78958463668823

#
500.0000596046448 500.0000596046448
0.0 500.0
0.0 417.9934412240982
500.0 398.95349740982056

#
500.0000596046448 500.0000596046448
0.0 500.0
0.0 417.8907573223114
500.0 399.1174101829529

#
500.0000596046448 500.0000596046448
0.0 500.0
0.0 417.7880883216858
500.0 399.2813229560852

#
500.0000596046448 500.0000596046448
0.0 500.0
0.0 417.6853895187378
500.0 399.44523572921753

#
500.0000596046448 500.0000596046448
0.0 500.0
0.0 417.5827205181122
500.0 399.60913360118866

#
500.0000596046448 500.0000596046448
0.0 500.0
0.0 417.4800515174866
500.0 399.773046374321

#
500.0000596046448 500.0000596046448
0.0 500.0
0.0 417.37736761569977
500.0 399.9369442462921

#
500.0000596046448 500.0000596046448
0.0 500.0
0.0 417.27468371391296
500.0 400.10085701942444

#
500.0000596046448 500.0000596046448
0.0 500.0
0.0 417.17201471328735
500.0 400.26476979255676

#
500.0000596046448 500.0000596046448
0.0 500.0
0.0 417.06933081150055
500.0 400.4286825656891

#
500.0000596046448 500.0000596046448
0.0 500.0
0.0 416.96664690971375
500.0 400.5925953388214

#
500.0000596046448 500.0000596046448
0.0 500.0
0.0 416.86397790908813
500.0 400.75649321079254

#
500.0000596046448 500.0000596046448
0.0 500.0
0.0 416.76129400730133
500.0 400.92040598392487

#
500.0000596046448 500.0000596046448
0.0 500.0
0.0 416.6586101055145
500.0 401.0843187570572

#
500.0000596046448 500.0000596046448
0.0 500.0
0.0 416.5559262037277
500.0 401.2482315301895

#
500.0000596046448 500.0000596046448
0.0 500.0
0.0 416.4532423019409
500.0 401.41214430332184

#
500.0000596046448 500.0000596046448
0.0 500.0
0.0 416.3505733013153
500.0 401.57604217529297

#
500.0000596046448 500.0000596046448
0.0 500.0
0.0 416.2479043006897
500.0 401.7399549484253

#
500.0000596046448 500.0000596046448
0.0 500.0
0.0 416.1452353000641
500.0 401.9038677215576

#
500.0000596046448 500.0000596046448
0.0 500.0
0.0 416.0425364971161
500.0 402.06778049468994

#
500.0000596046448 500.0000596046448
0.0 500.0
0.0 415.9398525953293
500.0 402.2316783666611

#
500.0000596046448 500.0000596046448
0.0 500.0
0.0 415.8371835947037
500.0 402.3956060409546

#
500.0000596046448 500.0000596046448
0.0 500.0
0.0 415.73449969291687
500.0 402.5595188140869

#
500.0000596046448 500.0000596046448
0.0 500.0
0.0 415.63183069229126
500.0 402.72343158721924

#
500.0000596046448 500.0000596046448
0.0 500.0
0.0 415.52913188934326
500.0 402.8873145580292

#
500.0000596046448 500.0000596046448
0.0 500.0
0.0 415.42646288871765
500.0 403.0512273311615

#
500.0000596046448 500.0000596046448
0.0 500.0
0.0 415.32379388809204
500.0 403.215155005455

#
500.0000596046448 500.0000596046448
0.0 500.0
0.0 415.22110998630524
500.0 403.37905287742615

#
500.0000596046448 500.0000596046448
0.0 500.0
0.0 415.11842608451843
500.0 403.5429656505585

#
500.0000596046448 500.0000596046448
0.0 500.0
0.0 415.0157421827316
500.0 403.7068784236908

#
500.0000596046448 500.0000596046448
0.0 500.0
0.0 414.913073182106
500.0 403.8707911968231

#
500.0000596046448 500.0000596046448
0.0 500.0
0.0 414.8103892803192
500.0 404.03470396995544

#
500.0000596046448 500.0000596046448
0.0 500.0
0.0 414.7077202796936
500.0 404.19861674308777

#
500.0000596046448 500.0000596046448
0.0 500.0
0.0 414.6050214767456
500.0 404.3625146150589

#
500.0000596046448 500.0000596046448
0.0 500.0
0.0 414.50235247612
500.0 404.5264273881912

#
500.0000596046448 500.0000596046448
0.0 500.0
0.0 414.3996834754944
500.0 404.69034016132355

#
500.0000596046448 500.0000596046448
0.0 500.0
0.0 414.2969846725464
500.0 404.8542380332947

#
500.0000596046448 500.0000596046448
0.0 500.0
0.0 414.1943156719208
500.0 405.018150806427

#
500.0000596046448 500.0000596046448
0.0 500.0
0.0 414.091631770134
500.0 405.1820635795593

#
500.0000596046448 500.0000596046448
0.0 500.0
0.0 413.98896276950836
500.0 405.34597635269165

#
500.0000596046448 500.0000596046448
0.0 500.0
0.0 413.88627886772156
500.0 405.509889125824

#
500.0000596046448 500.0000596046448
0.0 500.0
0.0 413.78360986709595
500.0 405.6737869977951

#
500.0000596046448 500.0000596046448
0.0 500.0
0.0 413.68091106414795
500.0 405.8377146720886

#
500.0000596046448 500.0000596046448
0.0 500.0
0.0 413.57824206352234
500.0 406.00161254405975

#
500.0000596046448 500.0000596046448
0.0 500.0
0.0 413.47555816173553
500.0 406.1655104160309

#
500.0000596046448 500.0000596046448
0.0 500.0
0.0 413.3728891611099
500.0 406.3294380903244

#
500.0000596046448 500.0000596046448
0.0 500.0
0.0 413.2702052593231
500.0 406.49333596229553

#
500.0000596046448 500.0000596046448
0.0 500.0
0.0 413.1675362586975
500.0 406.65724873542786

#
500.0000596046448 500.0000596046448
0.0 500.0
0.0 413.0648374557495
500.0 406.8211615085602

#
500.0000596046448 500.0000596046448
0.0 500.0
0.0 412.9621684551239
500.0 406.9850742816925

#
500.0000596046448 500.0000596046448
0.0 500.0
0.0 412.8594994544983
500.0 407.14898705482483

#
500.0000596046448 500.0000596046448
0.0 500.0
0.0 412.7568304538727
500.0 407.31289982795715

#
500.0000596046448 500.0000596046448
0.0 500.0
0.0 412.6541316509247
500.0 407.4767976999283

#
500.0000596046448 500.0000596046448
0.0 500.0
0.0 412.5514626502991
500.0 407.6407104730606

#
500.0000596046448 500.0000596046448
0.0 500.0
0.0 412.44877874851227
500.0 407.80462324619293

#
500.0000596046448 500.0000596046448
0.0 500.0
0.0 412.34609484672546
500.0 407.96853601932526

#
500.0000596046448 500.0000596046448
0.0 500.0
0.0 412.24342584609985
500.0 408.1324338912964

#
500.0000596046448 500.0000596046448
0.0 500.0
0.0 412.14072704315186
500.0 408.2963466644287

#
500.0000596046448 500.0000596046448
0.0 500.0
0.0 412.03805804252625
500.0 408.46025943756104

#
500.0000596046448 500.0000596046448
0.0 500.0
0.0 411.93538904190063
500.0 408.62417221069336

#
500.0000596046448 500.0000596046448
0.0 500.0
0.0 411.83269023895264
500.0 408.7880849838257

#
500.0000596046448 500.0000596046448
0.0 500.0
0.0 411.730021238327
500.0 408.9519828557968

#
500.0000596046448 500.0000596046448
0.0 500.0
0.0 411.6273522377014
500.0 409.11589562892914

#
500.0000596046448 500.0000596046448
0.0 500.0
0.0 411.5246683359146
500.0 409.27980840206146

#
500.0000596046448 500.0000596046448
0.0 500.0
0.0 411.4219844341278
500.0 409.4437062740326

#
500.0000596046448 500.0000596046448
0.0 500.0
0.0 411.3193154335022
500.0 409.6076190471649

#
500.0000596046448 500.0000596046448
0.0 500.0
0.0 411.2166166305542
500.0 409.77153182029724

#
500.0000596046448 500.0000596046448
0.0 500.0
0.0 411.1139476299286
500.0 409.93544459342957

#
500.0000596046448 500.0000596046448
0.0 500.0
0.0 411.011278629303
500.0 410.0993573665619

#
500.0000596046448 500.0000596046448
0.0 500.0
0.0 410.9085947275162
500.0 410.2632701396942

#
500.0000596046448 500.0000596046448
0.0 500.0
0.0 410.80591082572937
500.0 410.42716801166534

#
500.0000596046448 500.0000596046448
0.0 500.0
0.0 410.70324182510376
500.0 410.59108078479767

#
500.0000596046448 500.0000596046448
0.0 500.0
0.0 410.60054302215576
500.0 410.75499355793

#
500.0000596046448 500.0000596046448
0.0 500.0
0.0 410.49787402153015
500.0 410.9189212322235

#
500.0000596046448 500.0000596046448
0.0 500.0
0.0 410.39520502090454
500.0 411.08281910419464

#
500.0000596046448 500.0000596046448
0.0 500.0
0.0 410.29252111911774
500.0 411.24671697616577

#
500.0000596046448 500.0000596046448
0.0 500.0
0.0 410.18983721733093
500.0 411.4106297492981

#
500.0000596046448 500.0000596046448
0.0 500.0
0.0 410.0871682167053
500.0 411.5745425224304

#
500.0000596046448 500.0000596046448
0.0 500.0
0.0 409.9844843149185
500.0 411.73845529556274

#
500.0000596046448 500.0000596046448
0.0 500.0
0.0 409.8818004131317
500.0 411.90236806869507

#
500.0000596046448 500.0000596046448
0.0 500.0
0.0 409.7791314125061
500.0 412.0662808418274

#
500.0000596046448 500.0000596046448
0.0 500.0
0.0 409.6764475107193
500.0 412.2301787137985

#
500.0000596046448 500.0000596046448
0.0 500.0
0.0 409.5737636089325
500.0 412.39409148693085

#
500.0000596046448 500.0000596046448
0.0 500.0
0.0 409.4710946083069
500.0 412.55800426006317

#
500.0000596046448 500.0000596046448
0.0 500.0
0.0 409.3683958053589
500.0 412.7219170331955

#
500.0000596046448 500.0000596046448
0.0 500.0
0.0 409.2657268047333
500.0 412.8858298063278

#
500.0000596046448 500.0000596046448
0.0 500.0
0.0 409.16305780410767
500.0 413.04974257946014

#
500.0000596046448 500.0000596046448
0.0 500.0
0.0 409.06037390232086
500.0 413.2136404514313

#
500.0000596046448 500.0000596046448
0.0 500.0
0.0 408.95769000053406
500.0 413.3775532245636

#
500.0000596046448 500.0000596046448
0.0 500.0
0.0 408.85502099990845
500.0 413.5414659976959

#
500.0000596046448 500.0000596046448
0.0 500.0
0.0 408.75233709812164
500.0 413.70536386966705

#
500.0000596046448 500.0000596046448
0.0 500.0
0.0 408.64965319633484
500.0 413.86929154396057

#
500.0000596046448 500.0000596046448
0.0 500.0
0.0 408.54698419570923
500.0 414.0331894159317

#
500.0000596046448 500.0000596046448
0.0 500.0
0.0 408.44428539276123
500.0 414.197102189064

#
500.0000596046448 500.0000596046448
0.0 500.0
0.0 408.3416163921356
500.0 414.36101496219635

#
500.0000596046448 500.0000596046448
0.0 500.0
0.0 408.23894739151
500.0 414.5249277353287

#
500.0000596046448 500.0000596046448
0.0 500.0
0.0 408.1362634897232
500.0 414.6888256072998

#
500.0000596046448 500.0000596046448
0.0 500.0
0.0 408.0335795879364
500.0 414.85273838043213

#
500.0000596046448 500.0000596046448
0.0 500.0
0.0 407.9308956861496
500.0 415.01665115356445

#
500.0000596046448 500.0000596046448
0.0 500.0
0.0 407.828226685524
500.0 415.1805639266968

#
500.0000596046448 500.0000596046448
0.0 500.0
0.0 407.7255427837372
500.0 415.3444766998291

#
500.0000596046448 500.0000596046448
0.0 500.0
0.0 407.6228737831116
500.0 415.50837457180023

#
500.0000596046448 500.0000596046448
0.0 500.0
0.0 407.5201749801636
500.0 415.67228734493256

#
500.0000596046448 500.0000596046448
0.0 500.0
0.0 407.41750597953796
500.0 415.8362150192261

#
500.0000596046448 500.0000596046448
0.0 500.0
0.0 407.31483697891235
500.0 416.0001128911972

#
500.0000596046448 500.0000596046448
0.0 500.0
0.0 407.21213817596436
500.0 416.16402566432953

#
500.0000596046448 500.0000596046448
0.0 500.0
0.0 407.10946917533875
500.0 416.32793843746185

#
500.0000596046448 500.0000596046448
0.0 500.0
0.0 407.00678527355194
500.0 416.4918214082718

#
500.0000596046448 500.0000596046448
0.0 500.0
0.0 406.90411627292633
500.0 416.6557490825653

#
500.0000596046448 500.0000596046448
0.0 500.0
0.0 406.8014323711395
500.0 416.81966185569763

#
500.0000596046448 500.0000596046448
0.0 500.0
0.0 406.6987484693527
500.0 416.98355972766876

#
500.0000596046448 500.0000596046448
0.0 500.0
0.0 406.5960645675659
500.0 417.1474725008011

#
500.0000596046448 500.0000596046448
0.0 500.0
0.0 406.4933955669403
500.0 417.3114001750946

#
500.0000596046448 500.0000596046448
0.0 500.0
0.0 406.3907265663147
500.0 417.47528314590454

#
500.0000596046448 500.0000596046448
0.0 500.0
0.0 406.2880426645279
500.0 417.63921082019806

#
500.0000596046448 500.0000596046448
0.0 500.0
0.0 406.1853587627411
500.0 417.8031235933304

#
500.0000596046448 500.0000596046448
0.0 500.0
0.0 406.0826748609543
500.0 417.9670214653015

#
500.0000596046448 500.0000596046448
0.0 500.0
0.0 405.9800058603287
500.0 418.13093423843384

#
500.0000596046448 500.0000596046448
0.0 500.0
0.0 405.87732195854187
500.0 418.29484701156616

#
500.0000596046448 500.0000596046448
0.0 500.0
0.0 405.77463805675507
500.0 418.4587597846985

#
500.0000596046448 500.0000596046448
0.0 500.0
0.0 405.67196905612946
500.0 418.6226725578308

#
500.0000596046448 500.0000596046448
0.0 500.0
0.0 405.56928515434265
500.0 418.78657042980194

#
500.0000596046448 500.0000596046448
0.0 500.0
0.0 405.46660125255585
500.0 418.95048320293427

#
500.0000596046448 500.0000596046448
0.0 500.0
0.0 405.36393225193024
500.0 419.1144108772278

#
500.0000596046448 500.0000596046448
0.0 500.0
0.0 405.26124835014343
500.0 419.2782938480377

#
500.0000596046448 500.0000596046448
0.0 500.0
0.0 405.1585644483566
500.0 419.44220662117004

#
500.0000596046448 500.0000596046448
0.0 500.0
0.0 405.055895447731
500.0 419.60613429546356

#
500.0000596046448 500.0000596046448
0.0 500.0
0.0 404.9532115459442
500.0 419.7700321674347

#
500.0000596046448 500.0000596046448
0.0 500.0
0.0 404.8505425453186
500.0 419.933944940567

#
500.0000596046448 500.0000596046448
0.0 500.0
0.0 404.7478586435318
500.0 420.09785771369934

#
500.0000596046448 500.0000596046448
0.0 500.0
0.0 404.645174741745
500.0 420.26177048683167

#
500.0000596046448 500.0000596046448
0.0 500.0
0.0 404.5425057411194
500.0 420.4256683588028

#
500.0000596046448 500.0000596046448
0.0 500.0
0.0 404.4398218393326
500.0 420.5895960330963

#
500.0000596046448 500.0000596046448
0.0 500.0
0.0 404.3371379375458
500.0 420.75347900390625

#
500.0000596046448 500.0000596046448
0.0 500.0
0.0 404.234454035759
500.0 420.9173917770386

#
500.0000596046448 500.0000596046448
0.0 500.0
0.0 404.13178503513336
500.0 421.0813194513321

#
500.0000596046448 500.0000596046448
0.0 500.0
0.0 404.02910113334656
500.0 421.2452173233032

#
500.0000596046448 500.0000596046448
0.0 500.0
0.0 403.92641723155975
500.0 421.40913009643555

#
500.0000596046448 500.0000596046448
0.0 500.0
0.0 403.82374823093414
500.0 421.57304286956787

#
500.0000596046448 500.0000596046448
0.0 500.0
0.0 403.72106432914734
500.0 421.7369556427002

#
500.0000596046448 500.0000596046448
0.0 500.0
0.0 403.61838042736053
500.0 421.9008684158325

#
500.0000596046448 500.0000596046448
0.0 500.0
0.0 403.5157114267349
500.0 422.06478118896484

#
500.0000596046448 500.0000596046448
0.0 500.0
0.0 403.4130275249481
500.0 422.228679060936

#
500.0000596046448 500.0000596046448
0.0 500.0
0.0 403.3103436231613
500.0 422.3925918340683

#
500.0000596046448 500.0000596046448
0.0 500.0
0.0 403.2076746225357
500.0 422.55648970603943

#
500.0000596046448 500.0000596046448
0.0 500.0
0.0 403.1049907207489
500.0 422.72040247917175

#
500.0000596046448 500.0000596046448
0.0 500.0
0.0 403.0023217201233
500.0 422.88433015346527

#
500.0000596046448 500.0000596046448
0.0 500.0
0.0 402.8996378183365
500.0 423.0482280254364

#
500.0000596046448 500.0000596046448
0.0 500.0
0.0 402.7969539165497
500.0 423.2121407985687

#
500.0000596046448 500.0000596046448
0.0 500.0
0.0 402.6942700147629
500.0 423.37605357170105

#
500.0000596046448 500.0000596046448
0.0 500.0
0.0 402.59160101413727
500.0 423.5399514436722

#
500.0000596046448 500.0000596046448
0.0 500.0
0.0 402.48891711235046
500.0 423.7038493156433

#
500.0000596046448 500.0000596046448
0.0 500.0
0.0 402.38624811172485
500.0 423.86777698993683

#
500.0000596046448 500.0000596046448
0.0 500.0
0.0 402.28354930877686
500.0 424.03168976306915

#
500.0000596046448 500.0000596046448
0.0 500.0
0.0 402.18088030815125
500.0 424.1955876350403

#
500.0000596046448 500.0000596046448
0.0 500.0
0.0 402.07821130752563
500.0 424.3595004081726

#
500.0000596046448 500.0000596046448
0.0 500.0
0.0 401.97552740573883
500.0 424.5234280824661

#
500.0000596046448 500.0000596046448
0.0 500.0
0.0 401.872843503952
500.0 424.68731105327606

#
500.0000596046448 500.0000596046448
0.0 500.0
0.0 401.7701745033264
500.0 424.8512238264084

#
500.0000596046448 500.0000596046448
0.0 500.0
0.0 401.6674906015396
500.0 425.0151515007019

#
500.0000596046448 500.0000596046448
0.0 500.0
0.0 401.5648066997528
500.0 425.17906427383423

#
500.0000596046448 500.0000596046448
0.0 500.0
0.0 401.4621376991272
500.0 425.34296214580536

#
500.0000596046448 500.0000596046448
0.0 500.0
0.0 401.3594388961792
500.0 425.5068749189377

#
500.0000596046448 500.0000596046448
0.0 500.0
0.0 401.2567698955536
500.0 425.67078769207

#
500.0000596046448 500.0000596046448
0.0 500.0
0.0 401.154100894928
500.0 425.83470046520233

#
500.0000596046448 500.0000596046448
0.0 500.0
0.0 401.05143189430237
500.0 425.99859833717346

#
500.0000596046448 500.0000596046448
0.0 500.0
0.0 400.94873309135437
500.0 426.1625111103058

#
500.0000596046448 500.0000596046448
0.0 500.0
0.0 400.84604918956757
500.0 426.3264238834381

#
500.0000596046448 500.0000596046448
0.0 500.0
0.0 400.74338018894196
500.0 426.49033665657043

#
500.0000596046448 500.0000596046448
0.0 500.0
0.0 400.64069628715515
500.0 426.65424942970276

#
500.0000596046448 500.0000596046448
0.0 500.0
0.0 400.53802728652954
500.0 426.8181622028351

#
500.0000596046448 500.0000596046448
0.0 500.0
0.0 400.43534338474274
500.0 426.9820600748062

#
500.0000596046448 500.0000596046448
0.0 500.0
0.0 400.33265948295593
500.0 427.14597284793854

#
500.0000596046448 500.0000596046448
0.0 500.0
0.0 400.2299904823303
500.0 427.30988562107086

#
500.0000596046448 500.0000596046448
0.0 500.0
0.0 400.1273065805435
500.0 427.473783493042

#
500.0000596046448 500.0000596046448
0.0 500.0
0.0 400.0246226787567
500.0 427.6376962661743

#
500.0000596046448 500.0000596046448
0.0 500.0
0.0 399.9219536781311
500.0 427.80160903930664

#
500.0000596046448 500.0000596046448
0.0 500.0
0.0 399.8192697763443
500.0 427.96552181243896

#
500.0000596046448 500.0000596046448
0.0 500.0
0.0 399.7165858745575
500.0 428.1294345855713

#
500.0000596046448 500.0000596046448
0.0 500.0
0.0 399.6139019727707
500.0 428.2933473587036

#
500.0000596046448 500.0000596046448
0.0 500.0
0.0 399.5112329721451
500.0 428.45724523067474

#
500.0000596046448 500.0000596046448
0.0 500.0
0.0 399.4085490703583
500.0 428.6211431026459

#
500.0000596046448 500.0000596046448
0.0 500.0
0.0 399.30588006973267
500.0 428.7850707769394

#
500.0000596046448 500.0000596046448
0.0 500.0
0.0 399.20319616794586
500.0 428.9489835500717

#
500.0000596046448 500.0000596046448
0.0 500.0
0.0 399.10051226615906
500.0 429.11288142204285

#
500.0000596046448 500.0000596046448
0.0 500.0
0.0 398.99782836437225
500.0 429.27679419517517

#
500.0000596046448 500.0000596046448
0.0 500.0
0.0 398.89515936374664
500.0 429.4407069683075

#
500.0000596046448 500.0000596046448
0.0 500.0
0.0 398.79247546195984
500.0 429.6046197414398

#
500.0000596046448 500.0000596046448
0.0 500.0
0.0 398.68980646133423
500.0 429.76853251457214

#
500.0000596046448 500.0000596046448
0.0 500.0
0.0 398.5871225595474
500.0 429.9324303865433

#
500.0000596046448 500.0000596046448
0.0 500.0
0.0 398.4844386577606
500.0 430.0963431596756

#
500.0000596046448 500.0000596046448
0.0 500.0
0.0 398.3817547559738
500.0 430.2602559328079

#
500.0000596046448 500.0000596046448
0.0 500.0
0.0 398.2790857553482
500.0 430.42416870594025

#
500.0000596046448 500.0000596046448
0.0 500.0
0.0 398.1764018535614
500.0 430.58808147907257

#
500.0000596046448 500.0000596046448
0.0 500.0
0.0 398.0737179517746
500.0 430.7519793510437

#
500.0000596046448 500.0000596046448
0.0 500.0
0.0 397.971048951149
500.0 430.915892124176

#
500.0000596046448 500.0000596046448
0.0 500.0
0.0 397.8683650493622
500.0 431.07980489730835

#
500.0000596046448 500.0000596046448
0.0 500.0
0.0 397.7656960487366
500.0 431.24373257160187

#
500.0000596046448 500.0000596046448
0.0 500.0
0.0 397.66301214694977
500.0 431.4076155424118

#
500.0000596046448 500.0000596046448
0.0 500.0
0.0 397.56032824516296
500.0 431.5715283155441

#
500.0000596046448 500.0000596046448
0.0 500.0
0.0 397.45764434337616
500.0 431.73545598983765

#
500.0000596046448 500.0000596046448
0.0 500.0
0.0 397.35497534275055
500.0 431.8993538618088

#
500.0000596046448 500.0000596046448
0.0 500.0
0.0 397.25229144096375
500.0 432.0632666349411

#
500.0000596046448 500.0000596046448
0.0 500.0
0.0 397.14960753917694
500.0 432.2271794080734

#
500.0000596046448 500.0000596046448
0.0 500.0
0.0 397.04693853855133
500.0 432.39107728004456

#
500.0000596046448 500.0000596046448
0.0 500.0
0.0 396.9442546367645
500.0 432.5549900531769

#
500.0000596046448 500.0000596046448
0.0 500.0
0.0 396.8415856361389
500.0 432.7189028263092

#
500.0000596046448 500.0000596046448
0.0 500.0
0.0 396.7389017343521
500.0 432.8828155994415

#
500.0000596046448 500.0000596046448
0.0 500.0
0.0 396.6362178325653
500.0 433.04671347141266

#
500.0000596046448 500.0000596046448
0.0 500.0
0.0 396.5335339307785
500.0 433.210626244545

#
500.0000596046448 500.0000596046448
0.0 500.0
0.0 396.4308649301529
500.0 433.3745390176773

#
500.0000596046448 500.0000596046448
0.0 500.0
0.0 396.3281810283661
500.0 433.53845179080963

#
500.0000596046448 500.0000596046448
0.0 500.0
0.0 396.2255120277405
500.0 433.70236456394196

#
500.0000596046448 500.0000596046448
0.0 500.0
0.0 396.1228132247925
500.0 433.8662624359131

#
500.0000596046448 500.0000596046448
0.0 500.0
0.0 396.02014422416687
500.0 434.0301901102066

#
500.0000596046448 500.0000596046448
0.0 500.0
0.0 395.91746032238007
500.0 434.19408798217773

#
500.0000596046448 500.0000596046448
0.0 500.0
0.0 395.81479132175446
500.0 434.35800075531006

#
500.0000596046448 500.0000596046448
0.0 500.0
0.0 395.71210741996765
500.0 434.5219135284424

#
500.0000596046448 500.0000596046448
0.0 500.0
0.0 395.60942351818085
500.0 434.6858114004135

#
500.0000596046448 500.0000596046448
0.0 500.0
0.0 395.50675451755524
500.0 434.84972417354584

#
500.0000596046448 500.0000596046448
0.0 500.0
0.0 395.40407061576843
500.0 435.01363694667816

#
500.0000596046448 500.0000596046448
0.0 500.0
0.0 395.3014016151428
500.0 435.1775348186493

#
500.0000596046448 500.0000596046448
0.0 500.0
0.0 395.1987028121948
500.0 435.3414475917816

#
500.0000596046448 500.0000596046448
0.0 500.0
0.0 395.0960338115692
500.0 435.50537526607513

#
500.0000596046448 500.0000596046448
0.0 500.0
0.0 394.9933648109436
500.0 435.66928803920746

#
500.0000596046448 500.0000596046448
0.0 500.0
0.0 394.8906660079956
500.0 435.8331859111786

#
500.0000596046448 500.0000596046448
0.0 500.0
0.0 394.78799700737
500.0 435.9970986843109

#
500.0000596046448 500.0000596046448
0.0 500.0
0.0 394.6853131055832
500.0 436.16101145744324

#
500.0000596046448 500.0000596046448
0.0 500.0
0.0 394.5826441049576
500.0 436.32490932941437

#
500.0000596046448 500.0000596046448
0.0 500.0
0.0 394.4799602031708
500.0 436.4888221025467

#
500.0000596046448 500.0000596046448
0.0 500.0
0.0 394.37729120254517
500.0 436.652734875679

#
500.0000596046448 500.0000596046448
0.0 500.0
0.0 394.27460730075836
500.0 436.81664764881134

#
500.0000596046448 500.0000596046448
0.0 500.0
0.0 394.17192339897156
500.0 436.98054552078247

#
500.0000596046448 500.0000596046448
0.0 500.0
0.0 394.06925439834595
500.0 437.1444582939148

#
500.0000596046448 500.0000596046448
0.0 500.0
0.0 393.96655559539795
500.0 437.3083710670471

#
500.0000596046448 500.0000596046448
0.0 500.0
0.0 393.86388659477234
500.0 437.47228384017944

#
500.0000596046448 500.0000596046448
0.0 500.0
0.0 393.76120269298553
500.0 437.6361817121506

#
500.0000596046448 500.0000596046448
0.0 500.0
0.0 393.6585336923599
500.0 437.8001093864441

#
500.0000596046448 500.0000596046448
0.0 500.0
0.0 393.5558497905731
500.0 437.9640221595764

#
500.0000596046448 500.0000596046448
0.0 500.0
0.0 393.4531658887863
500.0 438.12792003154755

#
500.0000596046448 500.0000596046448
0.0 500.0
0.0 393.3504968881607
500.0 438.29183280467987

#
500.0000596046448 500.0000596046448
0.0 500.0
0.0 393.2478129863739
500.0 438.4557455778122

#
500.0000596046448 500.0000596046448
0.0 500.0
0.0 393.1451439857483
500.0 438.6196434497833

#
500.0000596046448 500.0000596046448
0.0 500.0
0.0 393.0424600839615
500.0 438.78357112407684

#
500.0000596046448 500.0000596046448
0.0 500.0
0.0 392.9397761821747
500.0 438.94748389720917

#
500.0000596046448 500.0000596046448
0.0 500.0
0.0 392.8370922803879
500.0 439.1113668680191

#
500.0000596046448 500.0000596046448
0.0 500.0
0.0 392.73442327976227
500.0 439.2752796411514

#
500.0000596046448 500.0000596046448
0.0 500.0
0.0 392.63173937797546
500.0 439.43920731544495

#
500.0000596046448 500.0000596046448
0.0 500.0
0.0 392.52905547618866
500.0 439.60312008857727

#
500.0000596046448 500.0000596046448
0.0 500.0
0.0 392.42638647556305
500.0 439.7670179605484

#
500.0000596046448 500.0000596046448
0.0 500.0
0.0 392.32370257377625
500.0 439.9309307336807

#
500.0000596046448 500.0000596046448
0.0 500.0
0.0 392.22103357315063
500.0 440.09484350681305

#
500.0000596046448 500.0000596046448
0.0 500.0
0.0 392.11834967136383
500.0 440.2587562799454

#
500.0000596046448 500.0000596046448
0.0 500.0
0.0 392.015665769577
500.0 440.4226690530777

#
500.0000596046448 500.0000596046448
0.0 500.0
0.0 391.9129967689514
500.0 440.5865669250488

#
500.0000596046448 500.0000596046448
0.0 500.0
0.0 391.8103128671646
500.0 440.75047969818115

#
500.0000596046448 500.0000596046448
0.0 500.0
0.0 391.7076289653778
500.0 440.9143924713135

#
500.0000596046448 500.0000596046448
0.0 500.0
0.0 391.604945063591
500.0 441.0783052444458

#
500.0000596046448 500.0000596046448
0.0 500.0
0.0 391.5022760629654
500.0 441.2422180175781

#
500.0000596046448 500.0000596046448
0.0 500.0
0.0 391.3995921611786
500.0 441.40611588954926

#
500.0000596046448 500.0000596046448
0.0 500.0
0.0 391.296923160553
500.0 441.5700286626816

#
500.0000596046448 500.0000596046448
0.0 500.0
0.0 391.1942392587662
500.0 441.7339414358139

#
500.0000596046448 500.0000596046448
0.0 500.0
0.0 391.09155535697937
500.0 441.89783930778503

#
500.0000596046448 500.0000596046448
0.0 500.0
0.0 390.98888635635376
500.0 442.06175208091736

#
500.0 500.0
500.0 442.2256648540497
435.61458587646484 435.61458587646484
0.0 390.88620245456696
0.0 500.0

500.0 442.2256648540497
0.0 390.88620245456696
435.61458587646484 435.61458587646484

500.0 500.0
0.0 500.0
0.0 390.88620245456696
500.0 442.2256648540497

#
